16765036
52340463
74347853
75024298
82784508
86154605
98462987
116637682
159976163
171813098
209260511
213707737
285315720
328080229
350515229
353799573
354646653
394235516
477417856
499447989
509821164
512022232
533446183
547805532
571204963
575972885
599381242
607448948
630809892
634050991
714042181
771334678
784814552
833677944
847329821
887262993
901656330
931258608
957789009
1032525835
1032624099
1044675314
1111144560
1160650024
1164973064
1197260480
1209910262
1224317138
1237147107
1237385928
1283420103
1286138918
1289849867
1312815729
1324338819
1329273825
1337805125
1342409410
1392647143
1398436395
1437643385
1481140104
1485582353
1488447616
1499764652
1512738920
1538125528
1543794358
1558280561
1569715187
1598237463
1608026240
1623623085
1678228531
1700056335
1725430563
1728494127
1750250385
1781108657
1796592215
1848299280
1854585825
1876699689
1917513329
1941369772
1947793871
1963685262
2033666846
2068868662
2078208417
2080400979
2104591172
2151364124
2159475896
2167217661
2230722941
2241228494
2266850221
2314492206
2328279400
2337386285
2338733041
2351393309
2367683682
2368589749
2397010030
2418243600
2437695544
2441183726
2488512501
2502726916
2636691757
2755052666
2819691858
2829693442
2881858255
2909272483
2958804727
2967960495
3024655516
3037506011
3053488391
3062239016
3082927833
3102072317
3141169321
3141776504
3176934695
3241184297
3258741382
3279745794
3302080048
3357658673
3389231433
3405214843
3457884846
3465676042
3521388127
3557349590
3564648713
3596239816
3656240547
3665651302
3675685064
3681788715
3707915113
3725255192
3727899126
3758770754
3767744425
3877513884
3878200378
3911154454
3917918468
3920326988
3921771381
3927658375
3938327947
4058083578
4093090823
4153985027
4210763260
4216077118
4216254039
4216799597
4243722351
4254142616
4266271258
4273638637
4275242881
4291752108
